1
100
2 1
3 1
4 1
5 2
6 1
7 4
8 2
9 4
10 3
11 8
12 8
13 8
14 1
15 6
16 15
17 2
18 17
19 9
20 13
21 9
22 1
23 15
24 14
25 19
26 7
27 22
28 6
29 9
30 8
31 19
32 6
33 20
34 28
35 16
36 14
37 27
38 18
39 22
40 35
41 39
42 9
43 33
44 16
45 40
46 29
47 44
48 45
49 19
50 24
51 27
52 16
53 41
54 7
55 38
56 50
57 7
58 8
59 1
60 17
61 3
62 29
63 8
64 25
65 8
66 41
67 61
68 45
69 19
70 16
71 69
72 13
73 22
74 65
75 1
76 39
77 16
78 56
79 72
80 51
81 48
82 80
83 10
84 9
85 45
86 73
87 3
88 85
89 23
90 22
91 66
92 24
93 53
94 33
95 70
96 88
97 73
98 50
99 13
100 90
100
T 72 471381519
T 29 686148014
T 78 355878386
C 45
C 31
T 52 549417075
T 45 470776548
T 69 26068124
T 71 446261482
T 78 707103930
T 80 209205494
C 89
C 73
C 89
C 86
C 2
T 20 931345999
T 43 190864050
C 4
C 56
C 37
T 27 50383714
T 88 910788669
C 75
T 67 994665688
T 100 208332329
C 42
T 22 830098255
T 75 851641483
T 91 280541961
T 62 579948041
C 7
T 6 243529396
C 57
T 28 6027850
C 19
T 12 986269891
C 38
C 16
C 37
C 58
T 38 676530104
C 81
T 31 888305574
T 28 491016384
C 9
T 95 659695878
C 82
C 20
T 61 755364156
C 86
C 48
C 21
C 60
C 73
C 100
C 60
T 80 820932697
C 68
C 86
C 28
T 15 775024446
C 23
C 46
T 65 688687160
T 61 852871020
C 47
C 64
C 59
T 10 472145457
T 66 285986462
T 32 434555196
T 93 278100190
T 61 958171444
C 28
T 65 142831261
T 65 497835161
C 96
C 14
C 14
C 53
C 52
C 97
C 57
T 21 12874954
T 24 21068769
C 100
T 74 693718638
C 9
T 79 666072444
C 60
C 80
C 95
C 96
T 16 298726700
C 49
C 10
C 91
C 18
T 11 434922638
